495 62
3 24
3 3 3 3 3 3 3 3 3 3 3 3 3 3 3 3 3 3 3 3 3 3 3 3 3 3 3 3 3 3 3 3 3 3 3 3 3 3 3 3 3 3 3 3 3 3 3 3 3 3 3 3 3 3 3 3 3 3 3 3 3 3 3 3 3 3 3 3 3 3 3 3 3 3 3 3 3 3 3 3 3 3 3 3 3 3 3 3 3 3 3 3 3 3 3 3 3 3 3 3 3 3 3 3 3 3 3 3 3 3 3 3 3 3 3 3 3 3 3 3 3 3 3 3 3 3 3 3 3 3 3 3 3 3 3 3 3 3 3 3 3 3 3 3 3 3 3 3 3 3 3 3 3 3 3 3 3 3 3 3 3 3 3 3 3 3 3 3 3 3 3 3 3 3 3 3 3 3 3 3 3 3 3 3 3 3 3 3 3 3 3 3 3 3 3 3 3 3 3 3 3 3 3 3 3 3 3 3 3 3 3 3 3 3 3 3 3 3 3 3 3 3 3 3 3 3 3 3 3 3 3 3 3 3 3 3 3 3 3 3 3 3 3 3 3 3 3 3 3 3 3 3 3 3 3 3 3 3 3 3 3 3 3 3 3 3 3 3 3 3 3 3 3 3 3 3 3 3 3 3 3 3 3 3 3 3 3 3 3 3 3 3 3 3 3 3 3 3 3 3 3 3 3 3 3 3 3 3 3 3 3 3 3 3 3 3 3 3 3 3 3 3 3 3 3 3 3 3 3 3 3 3 3 3 3 3 3 3 3 3 3 3 3 3 3 3 3 3 3 3 3 3 3 3 3 3 3 3 3 3 3 3 3 3 3 3 3 3 3 3 3 3 3 3 3 3 3 3 3 3 3 3 3 3 3 3 3 3 3 3 3 3 3 3 3 3 3 3 3 3 3 3 3 3 3 3 3 3 3 3 3 3 3 3 3 3 3 3 3 3 3 3 3 3 3 3 3 3 3 3 3 3 3 3 3 3 3 3 3 3 3 3 3 3 3 3 3 3 3 3 3 3 3 3 3 3 3 3 3 3 3 3 3 3 3 3 3 3 3 3 3 3 3 3 3 3 3 3 3 3 3 3 3 3 3 3 3 3 3 3 3 3 3 3 3 
24 24 24 24 24 24 24 24 24 24 24 24 24 24 24 24 24 24 24 24 24 24 24 24 24 24 24 24 24 24 24 24 24 24 24 24 24 24 24 24 24 24 24 24 24 24 24 24 24 24 24 24 24 24 24 24 24 24 24 23 23 23 
51 20 38 
18 11 12 
26 47 14 
18 56 1 
24 16 34 
53 46 33 
30 3 39 
19 45 27 
25 50 53 
48 50 18 
27 4 6 
52 56 10 
7 13 21 
30 57 10 
39 26 20 
35 56 28 
8 38 59 
33 44 29 
7 17 44 
55 33 41 
58 22 5 
8 29 43 
42 19 15 
61 37 31 
11 5 42 
61 42 28 
7 2 55 
2 14 57 
50 46 35 
43 38 47 
27 35 33 
44 45 12 
41 16 60 
34 56 48 
3 6 16 
62 28 14 
23 57 27 
62 5 25 
9 59 15 
60 15 36 
12 48 22 
7 24 46 
34 25 54 
28 23 24 
32 55 60 
31 50 20 
39 10 9 
35 41 61 
57 26 18 
36 53 26 
1 10 49 
5 17 3 
3 4 54 
47 2 5 
9 26 1 
52 31 44 
30 34 13 
17 29 1 
21 27 2 
41 21 57 
39 62 51 
52 41 62 
43 39 17 
43 4 37 
59 6 21 
23 19 20 
55 56 3 
48 21 15 
6 43 24 
7 11 54 
49 32 27 
20 12 40 
2 62 13 
26 45 32 
17 34 33 
6 22 39 
35 42 30 
40 49 43 
12 16 25 
8 58 46 
26 11 43 
14 40 32 
12 2 58 
55 62 47 
16 35 53 
31 21 34 
22 31 45 
51 7 50 
3 18 58 
46 34 1 
38 58 29 
38 36 62 
53 52 47 
49 55 28 
3 27 51 
35 14 51 
51 30 53 
13 49 6 
9 44 42 
19 62 48 
41 10 20 
45 50 6 
15 57 13 
61 2 43 
21 4 22 
24 59 5 
56 15 39 
59 53 18 
31 57 53 
7 31 56 
31 33 59 
53 38 22 
1 42 58 
51 41 12 
11 6 47 
33 54 15 
1 48 57 
12 26 13 
23 49 25 
18 38 54 
42 36 16 
34 62 15 
40 48 60 
47 10 8 
45 40 9 
37 3 42 
8 35 37 
43 55 42 
49 15 30 
36 29 59 
49 57 7 
18 8 17 
22 27 41 
34 4 29 
24 20 15 
40 18 39 
25 28 18 
52 1 51 
23 38 14 
38 55 21 
16 51 40 
16 2 48 
5 43 23 
17 41 45 
44 13 59 
58 44 23 
23 52 2 
12 47 36 
25 55 24 
5 35 21 
28 10 48 
36 25 51 
46 12 10 
27 44 10 
24 52 33 
19 21 1 
48 37 13 
29 48 9 
19 46 29 
8 44 54 
61 59 50 
45 37 47 
29 28 52 
50 24 21 
49 60 29 
60 14 22 
2 41 36 
26 15 29 
32 57 29 
2 25 26 
33 47 60 
1 27 60 
7 28 3 
50 62 40 
17 31 2 
7 25 37 
52 58 6 
18 9 35 
32 3 61 
19 18 24 
30 62 60 
46 32 43 
32 53 19 
48 38 45 
13 52 4 
13 27 53 
17 26 49 
13 35 3 
32 25 13 
47 22 34 
1 43 7 
49 12 35 
51 4 28 
52 46 16 
45 58 25 
15 40 7 
29 61 13 
59 25 39 
10 32 18 
19 9 6 
34 7 9 
14 41 24 
33 39 50 
2 20 30 
50 44 60 
46 27 55 
6 37 36 
31 4 48 
40 25 6 
51 2 29 
10 19 51 
56 20 6 
16 10 22 
8 42 33 
17 30 25 
53 45 60 
43 36 58 
53 8 12 
22 62 49 
57 22 42 
27 7 20 
13 58 31 
24 56 53 
46 44 37 
47 27 48 
26 7 6 
40 21 42 
49 59 48 
36 32 31 
1 31 8 
29 45 10 
61 5 33 
52 32 54 
54 12 61 
28 12 60 
8 30 23 
60 37 54 
39 58 41 
58 27 28 
26 62 59 
49 50 9 
5 49 4 
20 33 62 
15 23 46 
27 31 42 
12 6 17 
39 60 52 
5 54 39 
32 59 56 
46 28 36 
45 61 62 
3 48 41 
62 9 17 
5 20 48 
16 62 58 
2 32 39 
19 41 26 
11 9 56 
5 7 8 
45 13 5 
26 30 5 
51 11 44 
38 11 27 
6 44 15 
40 22 54 
38 3 15 
5 56 46 
58 30 54 
55 40 35 
40 26 28 
44 56 21 
38 57 39 
56 50 14 
59 55 34 
56 25 43 
22 35 20 
30 24 11 
35 54 59 
52 14 15 
4 25 9 
13 38 56 
18 49 46 
4 30 18 
11 3 10 
37 14 49 
2 3 46 
62 12 29 
33 22 30 
55 61 57 
54 6 55 
19 17 14 
26 27 34 
39 21 29 
4 59 45 
51 22 24 
1 39 16 
61 60 17 
8 4 55 
17 20 37 
57 8 24 
40 27 37 
55 44 48 
30 28 44 
32 38 50 
38 2 49 
57 19 58 
10 23 61 
34 3 57 
31 15 55 
18 52 27 
23 17 32 
60 31 10 
13 39 11 
54 28 1 
35 45 1 
18 61 20 
47 20 4 
13 36 19 
5 9 16 
44 14 34 
35 23 26 
34 61 8 
53 23 9 
60 2 24 
6 35 62 
57 54 43 
51 23 54 
2 8 45 
36 14 3 
32 16 8 
23 59 42 
41 44 49 
61 44 1 
46 57 9 
17 40 52 
44 16 43 
59 22 7 
50 16 27 
59 1 14 
21 25 3 
5 55 12 
37 24 1 
56 16 4 
52 50 34 
11 8 60 
58 21 11 
50 47 29 
40 61 47 
23 47 3 
38 4 10 
48 42 7 
35 29 24 
50 36 5 
18 31 16 
38 30 40 
41 9 8 
14 21 9 
3 12 50 
26 56 54 
17 59 28 
59 41 37 
5 6 57 
58 33 4 
54 21 53 
58 47 15 
20 13 43 
19 56 47 
14 55 58 
24 31 12 
53 41 28 
46 17 22 
16 17 11 
1 36 30 
44 39 35 
49 19 16 
38 20 46 
38 12 52 
2 42 54 
11 20 25 
51 18 37 
38 34 60 
28 8 39 
53 20 55 
36 33 9 
55 26 50 
9 51 13 
40 56 8 
41 32 42 
2 53 10 
4 41 50 
25 52 42 
19 43 35 
19 25 61 
16 13 14 
31 6 30 
31 40 23 
19 3 22 
57 36 40 
37 53 39 
11 23 22 
61 51 15 
37 28 9 
14 30 43 
18 45 34 
43 15 10 
33 6 1 
23 1 4 
43 48 33 
19 34 5 
14 33 18 
14 53 7 
52 11 48 
11 37 62 
54 36 45 
29 7 23 
20 42 45 
4 42 60 
47 49 31 
26 61 22 
7 10 36 
32 24 47 
41 11 34 
45 51 46 
32 11 33 
30 29 56 
17 4 57 
33 21 51 
19 28 11 
37 12 15 
52 21 36 
46 21 47 
42 24 10 
58 37 32 
30 32 7 
5 60 18 
2 34 28 
28 16 45 
34 51 58 
13 41 1 
39 24 27 
1 53 62 
41 25 46 
55 23 16 
17 58 50 
10 26 33 
33 45 7 
29 31 3 
42 34 49 
7 35 58 
56 2 22 
19 59 52 
42 39 12 
30 19 12 
14 31 54 
10 50 13 
59 51 43 
13 54 46 
4 2 11 
15 27 8 
23 62 56 
9 47 30 
37 19 38 
39 45 55 
8 3 20 
43 62 27 
29 18 6 
36 48 8 
57 60 56 
52 37 55 
48 17 53 
14 48 61 
60 43 21 
31 38 26 
23 41 6 
18 47 44 
21 49 20 
26 51 42 
16 33 37 
20 44 57 
9 24 54 
47 17 35 
14 29 11 
5 38 28 
3 44 40 
25 15 22 
12 21 32 
9 52 22 
4 53 40 
40 10 59 
36 49 61 
36 24 4 
50 11 1 
6 61 46 
15 5 32 
57 25 35 
492 441 439 407 406 373 342 339 333 315 314 296 230 191 172 156 138 117 113 90 58 55 51 4 
458 450 436 389 378 328 324 305 286 256 210 204 175 170 167 147 142 104 83 73 59 54 28 27 
484 464 447 397 358 349 340 329 308 286 284 266 252 188 179 173 126 95 89 67 53 52 35 7 
491 488 458 426 417 407 390 363 350 343 317 298 294 283 280 242 208 193 185 134 105 64 53 11 
494 483 435 409 362 353 341 319 267 261 260 259 254 248 242 232 150 143 106 54 52 38 25 21 
493 474 466 406 395 362 325 290 264 246 226 212 209 207 200 177 115 102 98 76 69 65 35 11 
449 446 434 420 415 411 351 337 259 226 221 201 196 191 176 173 131 110 88 70 42 27 19 13 
467 464 459 387 382 356 345 330 328 322 300 298 259 236 230 218 214 160 132 127 124 80 22 17 
487 480 461 402 386 384 357 356 334 323 319 280 258 253 241 201 200 178 158 125 99 55 47 39 
489 455 445 432 420 405 389 350 312 307 284 231 213 211 199 154 153 151 124 101 51 47 14 12 
492 482 458 428 424 422 413 412 400 379 372 346 345 313 284 277 263 262 258 115 81 70 25 2 
486 453 452 429 377 369 358 341 287 246 235 234 218 192 153 148 118 114 83 79 72 41 32 2 
457 455 439 394 386 366 318 313 281 260 222 197 189 188 186 185 157 145 118 103 98 73 57 13 
482 471 454 411 410 403 394 368 357 339 329 320 291 285 279 273 202 166 139 96 82 36 28 3 
494 485 459 429 405 401 365 309 279 266 264 244 196 168 135 129 122 116 107 103 68 40 39 23 
478 443 437 394 375 372 354 343 338 336 330 319 296 255 213 194 142 141 121 85 79 35 33 5 
481 470 444 426 372 371 360 335 311 299 297 291 253 246 215 187 175 144 132 75 63 58 52 19 
475 466 435 410 404 380 354 316 310 283 282 199 180 178 137 136 132 120 108 89 49 10 4 2 
462 453 451 428 409 397 393 392 375 367 318 306 291 257 211 200 183 180 159 156 100 66 23 8 
479 476 464 416 383 379 376 366 317 316 299 276 254 243 221 212 204 135 101 72 66 46 15 1 
486 476 472 431 430 427 364 357 346 340 293 271 227 164 156 150 140 105 86 68 65 60 59 13 
487 485 450 419 400 397 371 337 295 288 276 265 220 219 213 190 166 133 112 105 87 76 41 21 
474 460 443 415 407 400 396 349 331 327 323 321 311 307 244 236 147 146 143 139 119 66 44 37 
491 480 440 432 421 369 352 342 324 300 295 277 223 202 180 164 155 149 135 106 69 44 42 5 
495 485 442 393 391 379 340 280 275 215 209 198 195 189 176 170 152 149 137 119 79 43 38 9 
477 473 445 419 385 359 321 292 270 261 257 240 226 187 170 168 118 81 74 55 50 49 15 3 
465 459 440 338 310 301 292 263 245 239 225 221 206 186 172 154 133 95 71 59 37 31 11 8 
483 437 436 428 402 382 370 360 314 303 270 250 239 235 193 173 163 151 137 94 44 36 26 16 
482 466 447 425 415 352 347 293 287 231 210 197 169 168 165 163 159 158 134 130 91 58 22 18 
461 453 434 425 403 395 373 355 303 288 283 277 268 261 236 215 204 181 129 97 77 57 14 7 
473 454 447 418 396 395 369 354 312 309 245 230 229 222 208 175 111 110 109 87 86 56 46 24 
494 486 434 433 424 421 388 330 311 304 256 249 233 229 199 189 183 182 179 169 82 74 71 45 
478 446 445 427 424 410 408 406 384 363 288 243 232 214 203 171 155 116 111 75 31 20 18 6 
448 438 436 422 409 404 381 344 322 320 308 292 274 201 190 134 122 90 86 75 57 43 34 5 
495 481 449 392 374 352 325 321 315 278 276 269 192 188 178 150 127 96 85 77 48 31 29 16 
491 490 467 430 420 414 398 384 373 353 329 318 250 229 217 207 167 152 148 130 121 92 50 40 
478 469 462 433 429 413 402 399 380 361 342 301 299 285 237 224 207 176 162 157 127 126 64 24 
483 473 462 381 377 376 355 350 305 304 281 272 266 263 184 140 139 120 112 92 91 30 17 1 
463 452 440 399 382 374 313 296 293 272 256 248 247 238 203 198 136 107 76 63 61 47 15 7 
489 488 484 398 396 387 355 348 335 301 270 269 265 227 209 196 174 141 136 125 123 82 78 72 
474 442 439 422 390 388 370 361 356 332 257 252 238 202 167 144 133 114 101 62 60 48 33 20 
477 452 448 432 417 416 391 388 378 351 331 245 227 220 214 128 126 121 113 99 77 26 25 23 
472 465 456 408 405 403 392 366 336 326 275 217 191 182 143 128 104 81 78 69 64 63 30 22 
484 479 475 374 336 333 332 320 303 302 271 264 262 224 205 160 154 146 145 99 56 32 19 18 
463 446 437 423 416 414 404 328 315 294 260 251 231 216 195 184 162 144 125 102 87 74 32 8 
493 457 442 431 423 376 371 334 286 282 267 250 244 224 206 194 182 159 153 90 80 42 29 6 
481 475 461 431 421 418 367 365 349 348 347 317 225 190 171 162 148 124 115 93 84 54 30 3 
471 470 467 412 408 351 302 254 252 228 225 208 184 158 157 151 142 123 117 100 68 41 34 10 
490 476 448 418 375 332 305 285 282 242 241 228 219 192 187 165 131 129 119 98 94 78 71 51 
492 455 444 390 385 358 353 347 344 338 304 273 241 205 203 174 164 161 102 88 46 29 10 9 
477 456 438 427 423 401 386 380 327 295 262 211 210 193 152 141 138 114 97 96 95 88 61 1 
487 469 451 430 412 391 377 344 335 310 279 247 233 194 185 177 163 155 147 138 93 62 56 12 
488 470 441 411 399 389 383 370 364 323 223 218 216 186 183 112 109 108 97 93 85 50 9 6 
480 457 454 414 378 364 359 327 326 314 290 278 268 265 248 237 234 233 160 120 116 70 53 43 
469 463 443 385 383 368 341 309 302 298 290 289 274 269 206 149 140 128 94 84 67 45 27 20 
468 460 450 425 387 367 359 343 281 275 273 271 267 258 249 223 212 110 107 67 34 16 12 4 
495 479 468 426 398 362 334 326 308 306 300 289 272 220 169 131 117 109 103 60 49 37 28 14 
449 444 438 433 368 365 363 346 306 268 255 239 238 222 217 195 177 146 113 91 89 83 80 21 
489 456 451 361 360 339 337 331 294 278 274 249 240 228 198 161 145 130 111 108 106 65 39 17 
472 468 435 417 381 345 324 312 297 247 237 235 216 205 181 172 171 166 165 123 45 40 33 0 
493 490 471 419 401 393 348 333 322 316 307 297 289 251 234 232 197 179 161 104 48 26 24 0 
465 460 441 413 325 287 255 253 251 243 240 219 181 174 122 100 92 84 73 62 61 38 36 0 
